1,Primary_Visual_L,100.491589,41.138901,71.637040
2,Early_Visual_L,108.243940,42.272626,74.306314
3,Dorsal_Stream_Visual_L,110.065949,41.957316,103.851567
4,Ventral_Stream_Visual_L,126.844935,66.775549,56.221348
5,MT+_Complex_and_Neighboring_Visual_Areas_L,136.227959,52.231464,74.102184
6,Somatosensory_and_Motor_L,127.332080,101.791025,125.085440
7,Paracentral_Lobular_and_Mid_Cingulate_L,101.757892,112.636294,131.030992
8,Premotor_L,132.332037,123.280545,117.081170
9,Posterior_Opercular_L,143.201995,114.130836,85.634601
10,Early_Auditory_L,138.219855,99.709912,82.739741
11,Auditory_Association_L,147.244567,113.682452,65.436931
12,Insular_and_Frontal_Opercular_L,128.903367,131.255144,70.302689
13,Medial_Temporal_L,120.309266,105.453590,46.294371
14,Lateral_Temporal_L,142.789112,106.246031,47.395916
15,Temporo-Parieto-Occipital_Junction_L,147.035008,72.884019,89.916892
16,Superior_Parietal_L,114.570717,68.675225,127.854112
17,Inferior_Parietal_L,139.113780,68.896587,107.682721
18,Posterior_Cingulate_L,98.673066,72.087496,103.065230
19,Anterior_Cingulate_and_Medial_Prefrontal_L,97.134593,162.088454,84.996493
20,Orbital_and_Polar_Frontal_L,111.239169,172.168921,59.649350
21,Inferior_Frontal_L,136.792604,155.947959,75.336025
22,Dorsolateral_Prefrontal_L,120.034367,158.704617,109.680798
101,Primary_Visual_R,78.060375,44.539286,74.333474
102,Early_Visual_R,71.330864,44.291736,76.126519
103,Dorsal_Stream_Visual_R,68.710308,45.224317,105.375130
104,Ventral_Stream_Visual_R,56.709584,69.788165,56.173885
105,MT+_Complex_and_Neighboring_Visual_Areas_R,42.650321,56.440220,73.040378
106,Somatosensory_and_Motor_R,53.408847,104.722033,124.655188
107,Paracentral_Lobular_and_Mid_Cingulate_R,78.905156,109.800048,131.370911
108,Premotor_R,47.081230,126.885986,113.349509
109,Posterior_Opercular_R,38.013917,119.489654,83.850394
110,Early_Auditory_R,41.991451,103.120044,83.704620
111,Auditory_Association_R,33.795776,116.041196,63.997206
112,Insular_and_Frontal_Opercular_R,52.828111,132.813527,69.329433
113,Medial_Temporal_R,61.139891,106.564845,45.963934
114,Lateral_Temporal_R,40.162389,110.617024,44.614121
115,Temporo-Parieto-Occipital_Junction_R,33.143595,79.589975,89.011724
116,Superior_Parietal_R,65.159163,69.390447,128.196896
117,Inferior_Parietal_R,40.029893,74.155330,108.925535
118,Posterior_Cingulate_R,81.524450,73.615696,103.006146
119,Anterior_Cingulate_and_Medial_Prefrontal_R,84.504070,160.685802,86.922586
120,Orbital_and_Polar_Frontal_R,71.210664,173.265850,57.825048
121,Inferior_Frontal_R,44.282125,159.791722,73.774194
122,Dorsolateral_Prefrontal_R,61.193239,161.305302,109.046979
